2147483647C
0 0
53948 1
4308 1
53798 1
17960 1
26473 1
43833 1
26289 1
43358 1
45005 1
42761 1
43436 1
44949 1
43563 1
43142 1
43447 1
53761 1
609415 1
593747 1
1282186 1
8880 1
54000 1
53955 1
54145 1
54094 1
54091 1
54092 1
54119 1
54100 1
54100 1
54128 1
54114 1
54096 1
54103 1
54099 1
54127 1
54070 1
54133 1
54094 1
54114 1
54122 1
54100 1
54103 1
54123 1
54131 1
54102 1
54099 1
54153 1
54110 1
54086 1
54117 1
54084 1
54086 1
54113 1
54069 1
54107 1
54087 1
54085 1
54077 1
54070 1
54082 1
54115 1
54115 1
54126 1
54087 1
54078 1
54082 1
54105 1
54084 1
54121 1
54085 1
54101 1
54073 1
54107 1
54104 1
54131 1
54076 1
54085 1
54106 1
54103 1
54085 1
54074 1
54085 1
54098 1
54108 1
54085 1
54108 1
54103 1
54083 1
54076 1
54106 1
54141 1
54113 1
54115 1
54087 1
54096 1
54085 1
54108 1
54091 1
54126 1
54084 1
54112 1
54084 1
54102 1
54093 1
54086 1
54117 1
54136 1
54109 1
54095 1
54127 1
54112 1
54112 1
54085 1
54115 1
54104 1
54089 1
54084 1
54089 1
54132 1
54130 1
54110 1
54115 1
54127 1
54135 1
54109 1
54106 1
54148 1
54107 1
54103 1
54103 1
54141 1
54090 1
54093 1
54099 1
54108 1
54121 1
54091 1
54099 1
54171 1
54155 1
54183 1
54178 1
54171 1
54129 1
54155 1
54181 1
54185 1
54167 1
54170 1
54175 1
54180 1
54175 1
54170 1
54200 1
54201 1
54209 1
54202 1
54205 1
54170 1
54168 1
54164 1
54194 1
56125 1
7983572 1
19215 1
12059 1
23503 1
35715 1
44717 1
11791 1
226869 1
12089 1
226981 1
16142007 1
56430 1
31542206 1
226974 1
31716 1
9301045 1
92539 1
9705 1
56516 1
30524 1
11041 1
12453 1
9785 1
85501 1
85898 1
523646 1
88998 1
88877 1
92870 1
44287 1
28216 1
93090 1
90457 1
85923 1
90458 1
90973 1
56487 1
10422 1
91043 1
90923 1
9213 1
3405327 1
9159 1
11716 1
90980 1
105048 1
105047 1
55379 1
90263 1
9613 1
1298150 1
91032 1
90976 1
105043 1
105045 1
90924 1
110712 1
91022 1
91018 1
91648 1
91033 1
91200 1
90457 1
85965 1
111083 1
114783 1
85919 1
85972 1
93095 1
56516 1
114770 1
9716 1
91648 1
91642 1
91634 1
91648 1
91640 1
91648 1
91634 1
8952 1
85919 1
93163 1
90712 1
90710 1
90712 1
90706 1
90133 1
85653 1
85653 1
90709 1
90688 1
91032 1
90706 1
91128 1
91035 1
91032 1
91036 1
91036 1
91028 1
91023 1
6788 1
8113 1
11749 1
15722 1
15812 1
18890 1
18902 1
18892 1
18906 1
18908 1
18887 1
18904 1
18888 1
18889 1
18904 1
18889 1
18886 1
18886 1
18890 1
18887 1
18901 1
18891 1
18902 1
18906 1
18900 1
9286 1
56465 1
69721 1
2023302 1
16508 1
311279 1
13938 1
17067 1
9346 1
56535 1
1876129 1
54005 1
49652 1
11574 1
11066 1
127584 1
194301 1
138259 1
13226 1
13718 1
13856 1
11927 1
13941 1
13871 1
39765 1
13903 1
27629 1
56477 1
30278 1
11620 1
11630 1
13885 1
13915 1
13921 1
13951 1
11233 1
13564 1
13920 1
16729 1
